8.733481057770099198e+00
8.116798532521416476e+00
7.399312935841837913e+00
6.744743752867991660e+00
5.292463181223099333e+00
4.731592959997886538e+00
4.613936305538620886e+00
4.447672227034765946e+00
4.367414032998256701e+00
4.367414032998256701e+00
4.276502255800330943e+00
4.226793201316588089e+00
4.216751298672375192e+00
4.161667896354080298e+00
4.104550626428616233e+00
4.019790708233174747e+00
3.988487440818675900e+00
3.930980974991195698e+00
3.784038106031403448e+00
3.765335400813287769e+00
3.710107649431792165e+00
3.634807516309722430e+00
3.587707681389096237e+00
3.570667585645681985e+00
3.445241404295892096e+00
3.360909618911158692e+00
3.260021693348911231e+00
3.182988805539759714e+00
3.148167273350055417e+00
3.058008761858743263e+00
3.058008761858743263e+00
3.058008761858743263e+00
3.019676959116784687e+00
2.967363853943988161e+00
2.936429379381601201e+00
2.899101111497758954e+00
2.849187881360975005e+00
2.793308905905398820e+00
2.699425426240204207e+00
2.699425426240204207e+00
2.635804109600129674e+00
2.567314636003231509e+00
2.544475074648988144e+00
2.544475074648988144e+00
2.482663705681121602e+00
2.482663705681121602e+00
2.482663705681121602e+00
2.441223752066654207e+00
2.361797794511304893e+00
2.361797794511304893e+00
2.316627707511155432e+00
2.312118118182724835e+00
2.280737333427126146e+00
2.280737333427126146e+00
2.238896391327881208e+00
2.217455973514387058e+00
2.217455973514387058e+00
2.190931140802707233e+00
2.190931140802707233e+00
2.176198617115082445e+00
2.123771238108752790e+00
2.123771238108752790e+00
2.078461564121121263e+00
2.067659981824966131e+00
2.053684481655131400e+00
2.014786925221982106e+00
1.946448861344709513e+00
1.924730582971382997e+00
1.881611755713148870e+00
1.837998377996149735e+00
1.837998377996149735e+00
1.837998377996149735e+00
1.837998377996149735e+00
1.796524951278671622e+00
1.796524951278671622e+00
1.789282971169728675e+00
1.741853468819453132e+00
1.741853468819453132e+00
1.678216009104676942e+00
1.678216009104676942e+00
1.627161126880946274e+00
1.613577816671623255e+00
1.613577816671623255e+00
1.581918307926195144e+00
1.563019123336385263e+00
1.563019123336385263e+00
1.563019123336385263e+00
1.563019123336385263e+00
1.521251410453571928e+00
1.521251410453571928e+00
1.495213954082132757e+00
1.455861450317267769e+00
1.455861450317267769e+00
1.441446479160621408e+00
1.441446479160621408e+00
1.441446479160621408e+00
1.428901494615497425e+00
1.428901494615497425e+00
1.428901494615497425e+00
1.406123098205662059e+00
1.406123098205662059e+00
1.406123098205662059e+00
1.406123098205662059e+00
1.381582783519734070e+00
1.381582783519734070e+00
1.374527595230947474e+00
1.359289272762822076e+00
1.342779917208552165e+00
1.342779917208552165e+00
1.342779917208552165e+00
1.342779917208552165e+00
1.342779917208552165e+00
1.342779917208552165e+00
1.342779917208552165e+00
1.342779917208552165e+00
1.342779917208552165e+00
1.342779917208552165e+00
1.342779917208552165e+00
1.342779917208552165e+00
1.342779917208552165e+00
1.342779917208552165e+00
1.342779917208552165e+00
1.342779917208552165e+00
1.342779917208552165e+00
1.342779917208552165e+00
1.342779917208552165e+00
1.342779917208552165e+00
1.342779917208552165e+00
1.342779917208552165e+00
1.342779917208552165e+00
1.342779917208552165e+00
1.342779917208552165e+00
1.342779917208552165e+00
1.342779917208552165e+00
1.342779917208552165e+00
1.342779917208552165e+00
1.342779917208552165e+00
1.342779917208552165e+00
1.342779917208552165e+00
1.342779917208552165e+00
1.342779917208552165e+00
1.342779917208552165e+00
1.342779917208552165e+00
1.342779917208552165e+00
1.342779917208552165e+00
1.342779917208552165e+00
1.342779917208552165e+00
1.342779917208552165e+00
1.342779917208552165e+00
1.342779917208552165e+00
1.342779917208552165e+00
1.342779917208552165e+00
1.342779917208552165e+00
1.342779917208552165e+00
1.342779917208552165e+00
1.342779917208552165e+00
1.342779917208552165e+00
1.342779917208552165e+00
1.342779917208552165e+00
1.342779917208552165e+00
1.342779917208552165e+00
1.342779917208552165e+00
1.342779917208552165e+00
1.342779917208552165e+00
1.342779917208552165e+00
1.342779917208552165e+00
1.342779917208552165e+00
1.342779917208552165e+00
1.340725484801195577e+00
1.340725484801195577e+00
1.340725484801195577e+00
1.340725484801195577e+00
1.340725484801195577e+00
1.340725484801195577e+00
1.340725484801195577e+00
1.340725484801195577e+00
1.340725484801195577e+00
1.340725484801195577e+00
1.340725484801195577e+00
1.340725484801195577e+00
1.340725484801195577e+00
1.340725484801195577e+00
1.340725484801195577e+00
1.340725484801195577e+00
1.340725484801195577e+00
1.340725484801195577e+00
1.340725484801195577e+00
1.340725484801195577e+00
1.340725484801195577e+00
1.340725484801195577e+00
1.340725484801195577e+00
1.340725484801195577e+00
1.340725484801195577e+00
1.340725484801195577e+00
1.340725484801195577e+00
1.340725484801195577e+00
1.340725484801195577e+00
1.340725484801195577e+00
1.340725484801195577e+00
1.340725484801195577e+00
1.340725484801195577e+00
1.340725484801195577e+00
1.340725484801195577e+00
1.340725484801195577e+00
1.340725484801195577e+00
1.340725484801195577e+00
1.340725484801195577e+00
1.340725484801195577e+00
1.340725484801195577e+00
1.340725484801195577e+00
1.340725484801195577e+00
1.340725484801195577e+00
1.340725484801195577e+00
1.340725484801195577e+00
1.340725484801195577e+00
1.340725484801195577e+00
1.340725484801195577e+00
1.340725484801195577e+00
1.340725484801195577e+00
1.340725484801195577e+00
1.340725484801195577e+00
1.340725484801195577e+00
1.340725484801195577e+00
1.340725484801195577e+00
1.340725484801195577e+00
1.340725484801195577e+00
1.340725484801195577e+00
1.340725484801195577e+00
1.340725484801195577e+00
1.340725484801195577e+00
1.340725484801195577e+00
1.340725484801195577e+00
1.340725484801195577e+00
1.340725484801195577e+00
1.340725484801195577e+00
1.340725484801195577e+00
1.340725484801195577e+00
1.340725484801195577e+00
1.340725484801195577e+00
1.340725484801195577e+00
1.340725484801195577e+00
1.340725484801195577e+00
1.340725484801195577e+00
1.340725484801195577e+00
1.340725484801195577e+00
1.340725484801195577e+00
1.340725484801195577e+00
1.340725484801195577e+00
1.340725484801195577e+00
1.340725484801195577e+00
1.340725484801195577e+00
1.340725484801195577e+00
1.340725484801195577e+00
1.340725484801195577e+00
1.340725484801195577e+00
1.340725484801195577e+00
1.340725484801195577e+00
1.340725484801195577e+00
1.340725484801195577e+00
1.340725484801195577e+00
1.340725484801195577e+00
1.340725484801195577e+00
1.340725484801195577e+00
1.340725484801195577e+00
1.340725484801195577e+00
1.340725484801195577e+00
1.340725484801195577e+00
1.340725484801195577e+00
1.340725484801195577e+00
1.340725484801195577e+00
1.340725484801195577e+00
1.340725484801195577e+00
1.340725484801195577e+00
1.340725484801195577e+00
1.340725484801195577e+00
1.340725484801195577e+00
1.340725484801195577e+00
1.340725484801195577e+00
1.340725484801195577e+00
1.340725484801195577e+00
1.340725484801195577e+00
1.340725484801195577e+00
1.340725484801195577e+00
1.340725484801195577e+00
1.340725484801195577e+00
1.340332106170342596e+00
1.340332106170342596e+00
1.340332106170342596e+00
1.340332106170342596e+00
1.340332106170342596e+00
1.340332106170342596e+00
1.340332106170342596e+00
1.340332106170342596e+00
1.340332106170342596e+00
1.340332106170342596e+00
1.340332106170342596e+00
1.340332106170342596e+00
1.340332106170342596e+00
1.340332106170342596e+00
1.340332106170342596e+00
1.340332106170342596e+00
1.340332106170342596e+00
1.340332106170342596e+00
1.340332106170342596e+00
1.340332106170342596e+00
1.340332106170342596e+00
1.340332106170342596e+00
1.340332106170342596e+00
1.340332106170342596e+00
1.340332106170342596e+00
1.340332106170342596e+00
1.340332106170342596e+00
1.340332106170342596e+00
1.340332106170342596e+00
1.340332106170342596e+00
1.340332106170342596e+00
1.340332106170342596e+00
1.340332106170342596e+00
1.340332106170342596e+00
1.340332106170342596e+00
1.340332106170342596e+00
1.340332106170342596e+00
1.340332106170342596e+00
1.340332106170342596e+00
1.340332106170342596e+00
1.340332106170342596e+00
1.340332106170342596e+00
1.340332106170342596e+00
1.340332106170342596e+00
1.340332106170342596e+00
1.340332106170342596e+00
1.340332106170342596e+00
1.340332106170342596e+00
1.340332106170342596e+00
1.340332106170342596e+00
1.340332106170342596e+00
1.340332106170342596e+00
1.340332106170342596e+00
1.340332106170342596e+00
1.340332106170342596e+00
1.340332106170342596e+00
1.340332106170342596e+00
1.340332106170342596e+00
1.340332106170342596e+00
1.340332106170342596e+00
1.340332106170342596e+00
1.340332106170342596e+00
1.340332106170342596e+00
1.340332106170342596e+00
1.340332106170342596e+00
1.340332106170342596e+00
1.340332106170342596e+00
1.340332106170342596e+00
1.340332106170342596e+00
1.340332106170342596e+00
1.340332106170342596e+00
1.340332106170342596e+00
1.340332106170342596e+00
1.340332106170342596e+00
1.340332106170342596e+00
1.340332106170342596e+00
1.340332106170342596e+00
1.340332106170342596e+00
1.340332106170342596e+00
1.340332106170342596e+00
1.340332106170342596e+00
1.340332106170342596e+00
1.340332106170342596e+00
1.340332106170342596e+00
1.340332106170342596e+00
1.340332106170342596e+00
1.340332106170342596e+00
1.340332106170342596e+00
1.340332106170342596e+00
1.340332106170342596e+00
1.340332106170342596e+00
1.340332106170342596e+00
1.340332106170342596e+00
1.340332106170342596e+00
1.340332106170342596e+00
1.340332106170342596e+00
1.340332106170342596e+00
1.340332106170342596e+00
1.340332106170342596e+00
1.340332106170342596e+00
1.340332106170342596e+00
1.340332106170342596e+00
1.340332106170342596e+00
1.340332106170342596e+00
1.340332106170342596e+00
1.340332106170342596e+00
1.340332106170342596e+00
1.340332106170342596e+00
1.340332106170342596e+00
1.340332106170342596e+00
1.340332106170342596e+00
1.340332106170342596e+00
1.340332106170342596e+00
1.340332106170342596e+00
1.340332106170342596e+00
1.340332106170342596e+00
1.340332106170342596e+00
1.340332106170342596e+00
1.340332106170342596e+00
1.340332106170342596e+00
1.340332106170342596e+00
1.340332106170342596e+00
1.340332106170342596e+00
1.340332106170342596e+00
1.340332106170342596e+00
1.340332106170342596e+00
1.340332106170342596e+00
1.340332106170342596e+00
1.340332106170342596e+00
1.340332106170342596e+00
1.340332106170342596e+00
1.340332106170342596e+00
1.340332106170342596e+00
1.340332106170342596e+00
1.340332106170342596e+00
1.340332106170342596e+00
1.340332106170342596e+00
1.340332106170342596e+00
1.340332106170342596e+00
1.340332106170342596e+00
1.340332106170342596e+00
1.340332106170342596e+00
1.340332106170342596e+00
1.340332106170342596e+00
1.340332106170342596e+00
1.340332106170342596e+00
1.340332106170342596e+00
1.340332106170342596e+00
1.340332106170342596e+00
1.340332106170342596e+00
1.340332106170342596e+00
1.340332106170342596e+00
1.340332106170342596e+00
1.340332106170342596e+00
1.340332106170342596e+00
1.340332106170342596e+00
1.340332106170342596e+00
1.340332106170342596e+00
1.340332106170342596e+00
1.340332106170342596e+00
1.340332106170342596e+00
1.340332106170342596e+00
1.340332106170342596e+00
1.340332106170342596e+00
1.340332106170342596e+00
1.340332106170342596e+00
1.340332106170342596e+00
1.340332106170342596e+00
1.340332106170342596e+00
1.340332106170342596e+00
1.340332106170342596e+00
1.340332106170342596e+00
1.340332106170342596e+00
1.340332106170342596e+00
1.340332106170342596e+00
1.340332106170342596e+00
1.340332106170342596e+00
1.340332106170342596e+00
1.340332106170342596e+00
1.340332106170342596e+00
1.340332106170342596e+00
1.340332106170342596e+00
1.340332106170342596e+00
1.340332106170342596e+00
1.340332106170342596e+00
1.340332106170342596e+00
1.340332106170342596e+00
1.340332106170342596e+00
1.340332106170342596e+00
1.340332106170342596e+00
1.340332106170342596e+00
1.340332106170342596e+00
1.340332106170342596e+00
1.340332106170342596e+00
1.340332106170342596e+00
1.340332106170342596e+00
1.340332106170342596e+00
1.340332106170342596e+00
1.340332106170342596e+00
1.340332106170342596e+00
1.340332106170342596e+00
1.340332106170342596e+00
1.340332106170342596e+00
1.340332106170342596e+00
1.340332106170342596e+00
1.340332106170342596e+00
1.340332106170342596e+00
1.340332106170342596e+00
1.340332106170342596e+00
1.340332106170342596e+00
1.340332106170342596e+00
1.340332106170342596e+00
1.340332106170342596e+00
1.340332106170342596e+00
1.340332106170342596e+00
1.340332106170342596e+00
