3.291528735128898653e+00
2.460776084945232700e+00
2.020029071297640755e+00
1.939362501832878838e+00
1.939362501832878838e+00
1.939362501832878838e+00
1.616905305104846979e+00
1.434807452472533384e+00
1.434807452472533384e+00
1.429190517462199717e+00
1.429190517462199717e+00
1.301303613028049755e+00
1.301303613028049755e+00
1.301303613028049755e+00
1.301303613028049755e+00
1.275771572908009466e+00
1.275771572908009466e+00
1.275771572908009466e+00
1.223911978783391641e+00
1.223911978783391641e+00
1.223911978783391641e+00
1.223911978783391641e+00
1.176687789693567687e+00
1.176687789693567687e+00
1.176687789693567687e+00
1.176687789693567687e+00
1.176687789693567687e+00
1.144166188559586850e+00
1.144166188559586850e+00
1.135095664952955108e+00
1.135095664952955108e+00
1.135095664952955108e+00
1.135095664952955108e+00
1.135095664952955108e+00
1.135095664952955108e+00
1.135095664952955108e+00
1.135095664952955108e+00
1.135095664952955108e+00
1.135095664952955108e+00
1.135095664952955108e+00
1.135095664952955108e+00
1.135095664952955108e+00
1.135095664952955108e+00
1.135095664952955108e+00
1.135095664952955108e+00
1.135095664952955108e+00
1.135095664952955108e+00
1.135095664952955108e+00
1.135095664952955108e+00
1.135095664952955108e+00
1.135095664952955108e+00
1.135095664952955108e+00
1.135095664952955108e+00
1.135095664952955108e+00
1.135095664952955108e+00
1.135095664952955108e+00
1.135095664952955108e+00
1.135095664952955108e+00
1.135095664952955108e+00
1.135095664952955108e+00
1.135095664952955108e+00
1.135095664952955108e+00
1.135095664952955108e+00
1.135095664952955108e+00
1.135095664952955108e+00
1.135095664952955108e+00
1.135095664952955108e+00
1.135095664952955108e+00
1.135095664952955108e+00
1.135095664952955108e+00
1.135095664952955108e+00
1.135095664952955108e+00
1.135095664952955108e+00
1.135095664952955108e+00
1.135095664952955108e+00
1.135095664952955108e+00
1.135095664952955108e+00
1.135095664952955108e+00
1.135095664952955108e+00
1.135095664952955108e+00
1.135095664952955108e+00
1.135095664952955108e+00
1.135095664952955108e+00
1.135095664952955108e+00
1.135095664952955108e+00
1.135095664952955108e+00
1.135095664952955108e+00
1.135095664952955108e+00
1.135095664952955108e+00
1.135095664952955108e+00
1.135095664952955108e+00
1.135095664952955108e+00
1.135095664952955108e+00
1.135095664952955108e+00
1.135095664952955108e+00
1.135095664952955108e+00
1.135095664952955108e+00
1.135095664952955108e+00
1.135095664952955108e+00
1.135095664952955108e+00
1.135095664952955108e+00
1.135095664952955108e+00
1.135095664952955108e+00
1.135095664952955108e+00
1.135095664952955108e+00
1.135095664952955108e+00
1.094282409290380231e+00
1.094282409290380231e+00
1.094282409290380231e+00
1.094282409290380231e+00
1.090497914902135435e+00
1.090497914902135435e+00
1.090497914902135435e+00
1.090497914902135435e+00
1.090497914902135435e+00
1.090497914902135435e+00
1.090497914902135435e+00
1.041780818614585380e+00
1.041780818614585380e+00
1.041780818614585380e+00
1.041780818614585380e+00
1.041780818614585380e+00
1.041780818614585380e+00
1.041780818614585380e+00
1.041780818614585380e+00
1.041780818614585380e+00
1.041780818614585380e+00
1.041780818614585380e+00
1.041178214880687847e+00
1.041178214880687847e+00
1.041178214880687847e+00
1.041178214880687847e+00
1.041178214880687847e+00
1.041178214880687847e+00
1.041178214880687847e+00
1.002385186727474897e+00
1.002385186727474897e+00
1.002385186727474897e+00
1.002385186727474897e+00
1.002385186727474897e+00
1.002385186727474897e+00
9.288986734158861669e-01
9.288986734158861669e-01
9.288986734158861669e-01
9.288986734158861669e-01
9.288986734158861669e-01
9.288986734158861669e-01
9.288986734158861669e-01
9.288986734158861669e-01
9.288986734158861669e-01
9.288986734158861669e-01
9.288986734158861669e-01
9.288986734158861669e-01
9.288986734158861669e-01
9.288986734158861669e-01
9.288986734158861669e-01
9.288986734158861669e-01
9.288986734158861669e-01
9.288986734158861669e-01
9.288986734158861669e-01
9.288986734158861669e-01
9.288986734158861669e-01
9.288986734158861669e-01
9.288986734158861669e-01
9.288986734158861669e-01
9.288986734158861669e-01
9.288986734158861669e-01
9.288986734158861669e-01
9.288986734158861669e-01
9.288986734158861669e-01
9.288986734158861669e-01
9.288986734158861669e-01
9.288986734158861669e-01
9.288986734158861669e-01
9.288986734158861669e-01
9.288986734158861669e-01
9.288986734158861669e-01
9.288986734158861669e-01
9.288986734158861669e-01
9.288986734158861669e-01
9.288986734158861669e-01
9.288986734158861669e-01
9.288986734158861669e-01
9.288986734158861669e-01
9.288986734158861669e-01
9.288986734158861669e-01
9.288986734158861669e-01
9.288986734158861669e-01
9.288986734158861669e-01
9.288986734158861669e-01
9.288986734158861669e-01
9.288986734158861669e-01
9.288986734158861669e-01
9.288986734158861669e-01
9.288986734158861669e-01
9.288986734158861669e-01
9.288986734158861669e-01
9.288986734158861669e-01
9.288986734158861669e-01
9.288986734158861669e-01
9.288986734158861669e-01
9.288986734158861669e-01
9.288986734158861669e-01
9.288986734158861669e-01
9.288986734158861669e-01
9.288986734158861669e-01
9.288986734158861669e-01
9.288986734158861669e-01
9.288986734158861669e-01
9.288986734158861669e-01
9.288986734158861669e-01
9.288986734158861669e-01
9.288986734158861669e-01
9.288986734158861669e-01
9.288986734158861669e-01
9.288986734158861669e-01
9.288986734158861669e-01
9.288986734158861669e-01
9.288986734158861669e-01
9.288986734158861669e-01
9.288986734158861669e-01
9.288986734158861669e-01
9.288986734158861669e-01
9.288986734158861669e-01
9.288986734158861669e-01
9.288986734158861669e-01
9.288986734158861669e-01
9.288986734158861669e-01
9.288986734158861669e-01
9.288986734158861669e-01
9.288986734158861669e-01
9.288986734158861669e-01
9.288986734158861669e-01
9.288986734158861669e-01
9.288986734158861669e-01
9.288986734158861669e-01
9.288986734158861669e-01
9.288986734158861669e-01
9.288986734158861669e-01
9.288986734158861669e-01
9.288986734158861669e-01
9.288986734158861669e-01
9.288986734158861669e-01
9.288986734158861669e-01
9.288986734158861669e-01
9.288986734158861669e-01
9.288986734158861669e-01
9.288986734158861669e-01
9.288986734158861669e-01
9.288986734158861669e-01
9.288986734158861669e-01
9.288986734158861669e-01
9.288986734158861669e-01
9.288986734158861669e-01
9.288986734158861669e-01
9.288986734158861669e-01
9.288986734158861669e-01
9.288986734158861669e-01
9.288986734158861669e-01
9.288986734158861669e-01
9.288986734158861669e-01
9.288986734158861669e-01
9.288986734158861669e-01
9.288986734158861669e-01
9.288986734158861669e-01
9.288986734158861669e-01
9.288986734158861669e-01
9.288986734158861669e-01
9.288986734158861669e-01
9.288986734158861669e-01
9.288986734158861669e-01
9.288986734158861669e-01
9.288986734158861669e-01
9.288986734158861669e-01
9.288986734158861669e-01
9.288986734158861669e-01
9.288986734158861669e-01
9.288986734158861669e-01
9.288986734158861669e-01
9.288986734158861669e-01
9.288986734158861669e-01
9.288986734158861669e-01
9.288986734158861669e-01
9.288986734158861669e-01
9.288986734158861669e-01
9.288986734158861669e-01
9.288986734158861669e-01
9.288986734158861669e-01
9.288986734158861669e-01
9.288986734158861669e-01
9.288986734158861669e-01
9.288986734158861669e-01
9.288986734158861669e-01
9.288986734158861669e-01
9.288986734158861669e-01
9.288986734158861669e-01
9.288986734158861669e-01
9.288986734158861669e-01
9.288986734158861669e-01
9.288986734158861669e-01
9.288986734158861669e-01
9.288986734158861669e-01
9.288986734158861669e-01
9.288986734158861669e-01
9.288986734158861669e-01
9.288986734158861669e-01
9.288986734158861669e-01
9.288986734158861669e-01
9.288986734158861669e-01
9.288986734158861669e-01
9.288986734158861669e-01
9.288986734158861669e-01
9.288986734158861669e-01
9.288986734158861669e-01
9.288986734158861669e-01
9.288986734158861669e-01
9.288986734158861669e-01
9.288986734158861669e-01
9.288986734158861669e-01
9.288986734158861669e-01
9.288986734158861669e-01
9.288986734158861669e-01
9.288986734158861669e-01
9.288986734158861669e-01
9.288986734158861669e-01
9.288986734158861669e-01
9.288986734158861669e-01
9.288986734158861669e-01
9.288986734158861669e-01
9.288986734158861669e-01
9.288986734158861669e-01
9.288986734158861669e-01
9.288986734158861669e-01
9.288986734158861669e-01
9.288986734158861669e-01
9.288986734158861669e-01
9.288986734158861669e-01
9.288986734158861669e-01
9.288986734158861669e-01
9.288986734158861669e-01
9.288986734158861669e-01
9.288986734158861669e-01
9.288986734158861669e-01
9.288986734158861669e-01
9.288986734158861669e-01
9.288986734158861669e-01
9.288986734158861669e-01
9.288986734158861669e-01
9.288986734158861669e-01
9.288986734158861669e-01
9.288986734158861669e-01
9.288986734158861669e-01
9.288986734158861669e-01
9.288986734158861669e-01
9.288986734158861669e-01
9.288986734158861669e-01
9.288986734158861669e-01
9.288986734158861669e-01
9.288986734158861669e-01
9.288986734158861669e-01
9.288986734158861669e-01
9.288986734158861669e-01
9.288986734158861669e-01
9.288986734158861669e-01
9.288986734158861669e-01
9.288986734158861669e-01
9.288986734158861669e-01
9.288986734158861669e-01
9.288986734158861669e-01
9.288986734158861669e-01
9.288986734158861669e-01
9.288986734158861669e-01
9.288986734158861669e-01
9.288986734158861669e-01
9.288986734158861669e-01
9.288986734158861669e-01
9.288986734158861669e-01
9.288986734158861669e-01
9.288986734158861669e-01
9.288986734158861669e-01
9.288986734158861669e-01
9.288986734158861669e-01
9.288986734158861669e-01
9.288986734158861669e-01
9.288986734158861669e-01
9.288986734158861669e-01
9.288986734158861669e-01
9.288986734158861669e-01
9.288986734158861669e-01
9.288986734158861669e-01
9.288986734158861669e-01
9.288986734158861669e-01
9.288986734158861669e-01
9.288986734158861669e-01
9.288986734158861669e-01
9.288986734158861669e-01
9.288986734158861669e-01
9.288986734158861669e-01
9.288986734158861669e-01
9.288986734158861669e-01
9.288986734158861669e-01
9.288986734158861669e-01
9.288986734158861669e-01
9.288986734158861669e-01
9.288986734158861669e-01
9.288986734158861669e-01
9.288986734158861669e-01
9.288986734158861669e-01
9.288986734158861669e-01
9.288986734158861669e-01
9.288986734158861669e-01
9.288986734158861669e-01
9.288986734158861669e-01
9.288986734158861669e-01
9.288986734158861669e-01
9.288986734158861669e-01
9.288986734158861669e-01
9.288986734158861669e-01
9.288986734158861669e-01
9.288986734158861669e-01
9.288986734158861669e-01
9.288986734158861669e-01
9.288986734158861669e-01
9.288986734158861669e-01
9.288986734158861669e-01
9.288986734158861669e-01
9.288986734158861669e-01
9.288986734158861669e-01
9.288986734158861669e-01
9.288986734158861669e-01
9.288986734158861669e-01
9.288986734158861669e-01
9.288986734158861669e-01
9.288986734158861669e-01
9.288986734158861669e-01
9.288986734158861669e-01
9.288986734158861669e-01
9.288986734158861669e-01
9.288986734158861669e-01
9.288986734158861669e-01
9.288986734158861669e-01
9.288986734158861669e-01
9.288986734158861669e-01
9.288986734158861669e-01
9.288986734158861669e-01
9.288986734158861669e-01
9.288986734158861669e-01
9.288986734158861669e-01
9.288986734158861669e-01
9.274560291199704931e-01
9.274560291199704931e-01
9.274560291199704931e-01
9.274560291199704931e-01
9.274560291199704931e-01
9.274560291199704931e-01
9.274560291199704931e-01
9.274560291199704931e-01
9.274560291199704931e-01
9.274560291199704931e-01
9.274560291199704931e-01
9.274560291199704931e-01
9.274560291199704931e-01
9.274560291199704931e-01
9.274560291199704931e-01
9.274560291199704931e-01
9.274560291199704931e-01
9.274560291199704931e-01
9.274560291199704931e-01
9.274560291199704931e-01
9.274560291199704931e-01
9.274560291199704931e-01
9.274560291199704931e-01
9.274560291199704931e-01
9.274560291199704931e-01
9.274560291199704931e-01
9.274560291199704931e-01
9.274560291199704931e-01
9.274560291199704931e-01
9.274560291199704931e-01
9.274560291199704931e-01
9.274560291199704931e-01
9.274560291199704931e-01
9.274560291199704931e-01
9.274560291199704931e-01
9.274560291199704931e-01
9.274560291199704931e-01
9.274560291199704931e-01
9.274560291199704931e-01
9.274560291199704931e-01
9.274560291199704931e-01
9.274560291199704931e-01
9.274560291199704931e-01
9.274560291199704931e-01
9.274560291199704931e-01
9.274560291199704931e-01
9.274560291199704931e-01
9.274560291199704931e-01
9.274560291199704931e-01
9.274560291199704931e-01
9.274560291199704931e-01
9.274560291199704931e-01
