3.020325602215715577e+01
3.020325602215715577e+01
3.020325602215715577e+01
3.020325602215715577e+01
3.020325602215715577e+01
3.020325602215715577e+01
3.020325602215715577e+01
3.020325602215715577e+01
3.020325602215715577e+01
3.020325602215715577e+01
3.020325602215715577e+01
3.020325602215715577e+01
3.020325602215715577e+01
3.020325602215715577e+01
3.020325602215715577e+01
3.020325602215715577e+01
3.020325602215715577e+01
3.020325602215715577e+01
3.020325602215715577e+01
3.020325602215715577e+01
2.959134613146734338e+01
2.959134613146734338e+01
2.959134613146734338e+01
2.959134613146734338e+01
2.959134613146734338e+01
2.959134613146734338e+01
2.959134613146734338e+01
2.959134613146734338e+01
2.959134613146734338e+01
2.959134613146734338e+01
2.954825337075789449e+01
2.954825337075789449e+01
2.897668048646499273e+01
2.897668048646499273e+01
2.897668048646499273e+01
2.897668048646499273e+01
2.897668048646499273e+01
2.897668048646499273e+01
2.897668048646499273e+01
2.897668048646499273e+01
2.761602439364175865e+01
2.761602439364175865e+01
2.761602439364175865e+01
2.761602439364175865e+01
2.761602439364175865e+01
2.761602439364175865e+01
2.761602439364175865e+01
2.761602439364175865e+01
2.761602439364175865e+01
2.761602439364175865e+01
2.761602439364175865e+01
2.691705257463796386e+01
2.691705257463796386e+01
2.691705257463796386e+01
2.691705257463796386e+01
2.667451185564750205e+01
2.659537749839187626e+01
2.659537749839187626e+01
2.659537749839187626e+01
2.659537749839187626e+01
2.659537749839187626e+01
2.659537749839187626e+01
2.659537749839187626e+01
2.659537749839187626e+01
2.659537749839187626e+01
2.659537749839187626e+01
2.659537749839187626e+01
2.659537749839187626e+01
2.659537749839187626e+01
2.659537749839187626e+01
2.659537749839187626e+01
2.659537749839187626e+01
2.659537749839187626e+01
2.659537749839187626e+01
2.659537749839187626e+01
2.659537749839187626e+01
2.659537749839187626e+01
2.659537749839187626e+01
2.659537749839187626e+01
2.659537749839187626e+01
2.659537749839187626e+01
2.659537749839187626e+01
2.659537749839187626e+01
2.659537749839187626e+01
2.659537749839187626e+01
2.659537749839187626e+01
2.659537749839187626e+01
2.659537749839187626e+01
2.659537749839187626e+01
2.659537749839187626e+01
2.659537749839187626e+01
2.659537749839187626e+01
2.659537749839187626e+01
2.659537749839187626e+01
2.659537749839187626e+01
2.658768019829566498e+01
2.658768019829566498e+01
2.658768019829566498e+01
2.658768019829566498e+01
2.658768019829566498e+01
2.658768019829566498e+01
2.658768019829566498e+01
2.658768019829566498e+01
2.658768019829566498e+01
2.658768019829566498e+01
2.658768019829566498e+01
2.658768019829566498e+01
2.658768019829566498e+01
2.658768019829566498e+01
2.658768019829566498e+01
2.658768019829566498e+01
2.658768019829566498e+01
2.658768019829566498e+01
2.658768019829566498e+01
2.658768019829566498e+01
2.658768019829566498e+01
2.658768019829566498e+01
2.658768019829566498e+01
2.658768019829566498e+01
2.658768019829566498e+01
2.658768019829566498e+01
2.658768019829566498e+01
2.658768019829566498e+01
2.658768019829566498e+01
2.658768019829566498e+01
2.658768019829566498e+01
2.658768019829566498e+01
2.658768019829566498e+01
2.658768019829566498e+01
2.658768019829566498e+01
2.658768019829566498e+01
2.658768019829566498e+01
2.658768019829566498e+01
2.658768019829566498e+01
2.658768019829566498e+01
2.658768019829566498e+01
2.658768019829566498e+01
2.658768019829566498e+01
2.658768019829566498e+01
2.658768019829566498e+01
2.658768019829566498e+01
2.658768019829566498e+01
2.658768019829566498e+01
2.658768019829566498e+01
2.658768019829566498e+01
2.658768019829566498e+01
2.658768019829566498e+01
2.658768019829566498e+01
2.658768019829566498e+01
2.658768019829566498e+01
2.658768019829566498e+01
2.658768019829566498e+01
2.658768019829566498e+01
2.658768019829566498e+01
2.658768019829566498e+01
2.658768019829566498e+01
2.658768019829566498e+01
2.658768019829566498e+01
2.658768019829566498e+01
2.658768019829566498e+01
2.658768019829566498e+01
2.658768019829566498e+01
2.658768019829566498e+01
2.658768019829566498e+01
2.658768019829566498e+01
2.658768019829566498e+01
2.658768019829566498e+01
2.658768019829566498e+01
2.658768019829566498e+01
2.658768019829566498e+01
2.658768019829566498e+01
2.658768019829566498e+01
2.658768019829566498e+01
2.658768019829566498e+01
2.658768019829566498e+01
2.658768019829566498e+01
2.658768019829566498e+01
2.658768019829566498e+01
2.658768019829566498e+01
2.658768019829566498e+01
2.658768019829566498e+01
2.658768019829566498e+01
2.658768019829566498e+01
2.658768019829566498e+01
2.658768019829566498e+01
2.658768019829566498e+01
2.658768019829566498e+01
2.658768019829566498e+01
2.658768019829566498e+01
2.658768019829566498e+01
2.658768019829566498e+01
2.658768019829566498e+01
2.658768019829566498e+01
2.658768019829566498e+01
2.658768019829566498e+01
2.658768019829566498e+01
2.658768019829566498e+01
2.658768019829566498e+01
2.658768019829566498e+01
2.658768019829566498e+01
2.658768019829566498e+01
2.658768019829566498e+01
2.658768019829566498e+01
2.658768019829566498e+01
2.658768019829566498e+01
2.658768019829566498e+01
2.658768019829566498e+01
2.658768019829566498e+01
2.658768019829566498e+01
2.658768019829566498e+01
2.658768019829566498e+01
2.658768019829566498e+01
2.658768019829566498e+01
2.658768019829566498e+01
2.658768019829566498e+01
2.658768019829566498e+01
2.658768019829566498e+01
2.658768019829566498e+01
2.658768019829566498e+01
2.658768019829566498e+01
2.658768019829566498e+01
2.658768019829566498e+01
2.658768019829566498e+01
2.658768019829566498e+01
2.658768019829566498e+01
2.658768019829566498e+01
2.658768019829566498e+01
2.658768019829566498e+01
2.658768019829566498e+01
2.658768019829566498e+01
2.658768019829566498e+01
2.658768019829566498e+01
2.658768019829566498e+01
2.658768019829566498e+01
2.658768019829566498e+01
2.658768019829566498e+01
2.658768019829566498e+01
2.658768019829566498e+01
2.658768019829566498e+01
2.658768019829566498e+01
2.658768019829566498e+01
2.658768019829566498e+01
2.658768019829566498e+01
2.658768019829566498e+01
2.658768019829566498e+01
2.658768019829566498e+01
2.658768019829566498e+01
2.658768019829566498e+01
2.658768019829566498e+01
2.658768019829566498e+01
2.658768019829566498e+01
2.658768019829566498e+01
2.658768019829566498e+01
2.658768019829566498e+01
2.658768019829566498e+01
2.658768019829566498e+01
2.658768019829566498e+01
2.658768019829566498e+01
2.658768019829566498e+01
2.658768019829566498e+01
2.658768019829566498e+01
2.658768019829566498e+01
2.658768019829566498e+01
2.658768019829566498e+01
2.658768019829566498e+01
2.658768019829566498e+01
2.658768019829566498e+01
2.658768019829566498e+01
2.658768019829566498e+01
2.658768019829566498e+01
2.658768019829566498e+01
2.658768019829566498e+01
2.658768019829566498e+01
2.658768019829566498e+01
2.658768019829566498e+01
2.658768019829566498e+01
2.658768019829566498e+01
2.658768019829566498e+01
2.658768019829566498e+01
2.658768019829566498e+01
2.658768019829566498e+01
2.658768019829566498e+01
2.658768019829566498e+01
2.657784300298114033e+01
2.657784300298114033e+01
2.657784300298114033e+01
2.657784300298114033e+01
2.657784300298114033e+01
2.657784300298114033e+01
2.657784300298114033e+01
2.657784300298114033e+01
2.657784300298114033e+01
2.657784300298114033e+01
2.657784300298114033e+01
2.657784300298114033e+01
2.657784300298114033e+01
2.657784300298114033e+01
2.657784300298114033e+01
2.657784300298114033e+01
2.657784300298114033e+01
2.657784300298114033e+01
2.657784300298114033e+01
2.657784300298114033e+01
2.657784300298114033e+01
2.657784300298114033e+01
2.657784300298114033e+01
2.657784300298114033e+01
2.657784300298114033e+01
2.657784300298114033e+01
2.657784300298114033e+01
2.657784300298114033e+01
2.657784300298114033e+01
2.657784300298114033e+01
2.657784300298114033e+01
2.657784300298114033e+01
2.657784300298114033e+01
2.657784300298114033e+01
2.657784300298114033e+01
2.657784300298114033e+01
2.657784300298114033e+01
2.657784300298114033e+01
2.657784300298114033e+01
2.657784300298114033e+01
2.657784300298114033e+01
2.657784300298114033e+01
2.657784300298114033e+01
2.657784300298114033e+01
2.657784300298114033e+01
2.657784300298114033e+01
2.657784300298114033e+01
2.657784300298114033e+01
2.657784300298114033e+01
2.657784300298114033e+01
2.657784300298114033e+01
2.657784300298114033e+01
2.657784300298114033e+01
2.657784300298114033e+01
2.657784300298114033e+01
2.657784300298114033e+01
2.657784300298114033e+01
2.657784300298114033e+01
2.657784300298114033e+01
2.657784300298114033e+01
2.657784300298114033e+01
2.657784300298114033e+01
2.657784300298114033e+01
2.657784300298114033e+01
2.657784300298114033e+01
2.657784300298114033e+01
2.657784300298114033e+01
2.657784300298114033e+01
2.657784300298114033e+01
2.657784300298114033e+01
2.657784300298114033e+01
2.657784300298114033e+01
2.657784300298114033e+01
2.657784300298114033e+01
2.657784300298114033e+01
2.657784300298114033e+01
2.657784300298114033e+01
2.657784300298114033e+01
2.657784300298114033e+01
2.657784300298114033e+01
2.657784300298114033e+01
2.657784300298114033e+01
2.657784300298114033e+01
2.657784300298114033e+01
2.657784300298114033e+01
2.657784300298114033e+01
2.657784300298114033e+01
2.657784300298114033e+01
2.657784300298114033e+01
2.657784300298114033e+01
2.657784300298114033e+01
2.657784300298114033e+01
2.657784300298114033e+01
2.657784300298114033e+01
2.657784300298114033e+01
2.657784300298114033e+01
2.657784300298114033e+01
2.657784300298114033e+01
2.657784300298114033e+01
2.657784300298114033e+01
2.657784300298114033e+01
2.657784300298114033e+01
2.657784300298114033e+01
2.657784300298114033e+01
2.657784300298114033e+01
2.657784300298114033e+01
2.657784300298114033e+01
2.657784300298114033e+01
2.657784300298114033e+01
2.657784300298114033e+01
2.657784300298114033e+01
2.657784300298114033e+01
2.657784300298114033e+01
2.657784300298114033e+01
2.657784300298114033e+01
2.657784300298114033e+01
2.657784300298114033e+01
2.657784300298114033e+01
2.657784300298114033e+01
2.657784300298114033e+01
2.657784300298114033e+01
2.657784300298114033e+01
2.657784300298114033e+01
2.657784300298114033e+01
2.657784300298114033e+01
2.657784300298114033e+01
2.657784300298114033e+01
2.657784300298114033e+01
2.657784300298114033e+01
2.657784300298114033e+01
2.657784300298114033e+01
2.657784300298114033e+01
2.657784300298114033e+01
2.657784300298114033e+01
2.657784300298114033e+01
2.657784300298114033e+01
2.657784300298114033e+01
2.657784300298114033e+01
2.657784300298114033e+01
2.657784300298114033e+01
2.657784300298114033e+01
2.657784300298114033e+01
2.657784300298114033e+01
2.657784300298114033e+01
2.657784300298114033e+01
2.657784300298114033e+01
2.657784300298114033e+01
2.657784300298114033e+01
2.657784300298114033e+01
2.657784300298114033e+01
2.657784300298114033e+01
2.657784300298114033e+01
2.657784300298114033e+01
2.657784300298114033e+01
2.657784300298114033e+01
2.657784300298114033e+01
2.657784300298114033e+01
2.657784300298114033e+01
2.657784300298114033e+01
2.657784300298114033e+01
2.657784300298114033e+01
2.657784300298114033e+01
2.657784300298114033e+01
2.657784300298114033e+01
2.657784300298114033e+01
2.657784300298114033e+01
2.657784300298114033e+01
2.657784300298114033e+01
2.657784300298114033e+01
2.657784300298114033e+01
2.657784300298114033e+01
2.657784300298114033e+01
2.657784300298114033e+01
2.657784300298114033e+01
2.657784300298114033e+01
2.657784300298114033e+01
2.657784300298114033e+01
2.657784300298114033e+01
2.657784300298114033e+01
2.657784300298114033e+01
2.657784300298114033e+01
2.657784300298114033e+01
2.657784300298114033e+01
2.657784300298114033e+01
2.657784300298114033e+01
2.657784300298114033e+01
2.657784300298114033e+01
2.657784300298114033e+01
2.657784300298114033e+01
2.657784300298114033e+01
2.657784300298114033e+01
2.657784300298114033e+01
2.657784300298114033e+01
2.657784300298114033e+01
2.657784300298114033e+01
2.657784300298114033e+01
2.657784300298114033e+01
2.657784300298114033e+01
2.657784300298114033e+01
2.657784300298114033e+01
2.657784300298114033e+01
2.657784300298114033e+01
2.657784300298114033e+01
2.657784300298114033e+01
2.657784300298114033e+01
2.657784300298114033e+01
2.657784300298114033e+01
2.657784300298114033e+01
2.657784300298114033e+01
2.657784300298114033e+01
2.657784300298114033e+01
2.657784300298114033e+01
2.657784300298114033e+01
2.657784300298114033e+01
2.657784300298114033e+01
2.657784300298114033e+01
2.657784300298114033e+01
2.657784300298114033e+01
